-0.500000
0.035948
-0.463399
0.071242
-0.428105
0.107843
-0.392810
0.143137
-0.356209
0.178431
-0.320915
0.215033
-0.285621
0.250327
-0.249020
0.285621
-0.213725
0.320915
-0.178431
0.357516
-0.143137
0.392810
-0.106536
0.428105
-0.071242
0.464706
-0.035948
0.500000
0.000654
-0.500000
0.035948
-0.463399
0.071242
-0.428105
0.107843
-0.392810
0.143137
-0.356209
0.178431
-0.320915
0.215033
-0.285621
0.250327
-0.249020
0.285621
-0.213725
0.320915
-0.178431
0.357516
-0.143137
0.392810
-0.106536
0.428105
-0.071242
0.464706
-0.035948
0.500000
0.000654
